Average Loss: 264.695
Confusion Matrix:
	   910	    57
	  4760	  4273
      0   	   1   	   2   	   3   	   4   	   5   	   6   	   7   	   8   	   9   	
0: 11.913	19.683	18.031	16.693	18.349	23.149	14.799	28.073	25.236	32.036	

Average Loss: 284.112
Confusion Matrix:
	   943	    48
	  4983	  4026
      0   	   1   	   2   	   3   	   4   	   5   	   6   	   7   	   8   	   9   	
0: 10.887	17.471	16.795	15.144	16.803	23.525	13.672	26.765	22.778	30.708	

Average Loss: 324.292
Confusion Matrix:
	   892	   120
	  3480	  5508
      0   	   1   	   2   	   3   	   4   	   5   	   6   	   7   	   8   	   9   	
0: 9.752	15.418	15.353	13.338	15.083	21.400	12.536	23.741	19.897	28.366	

Average Loss: 379.938
Confusion Matrix:
	   908	    56
	  4103	  4933
      0   	   1   	   2   	   3   	   4   	   5   	   6   	   7   	   8   	   9   	
0: 8.800	13.966	14.163	12.067	13.723	20.953	11.714	22.575	18.329	27.076	

